1911
1855
1853
1832
1816
1784
1729
1722
1715
1708
1682
1669
1648
1648
1638
1634
1632
1630
1628
1616
1611
1604
1588
1583
1569
1565
1561
1543
1523
1522
1519
1515
1514
1508
1476
1465
1441
1441
1438
1415
1408
1405
1403
1403
1402
1394
1390
1388
1385
1371
1369
1352
1349
1346
1345
1345
1342
1340
1336
1331
1329
1316
1311
1310
1309
1299
1295
1295
1294
1291
1274
1270
1269
1262
1260
1257
1255
1254
1254
1253
1253
1245
1244
1236
1233
1219
1214
1205
1186
1182
1181
1176
1171
1170
1168
1166
1166
1165
1164
1162
1154
1153
1147
1147
1145
1144
1137
1132
1129
1127
1124
1120
1119
1117
1117
1111
1106
1104
1102
1101
1101
1100
1099
1098
1097
1096
1087
1080
1066
1062
1061
1060
1058
1056
1056
1054
1054
1051
1048
1046
1036
1030
1029
1025
1024
1008
1005
1003
1001
997
996
996
995
987
986
986
981
971
969
964
964
963
963
962
962
961
948
946
943
940
937
933
933
931
929
927
924
921
919
917
906
905
903
902
894
893
891
890
887
870
869
867
865
861
857
855
852
848
841
838
836
836
833
832
828
814
814
813
812
809
809
809
805
802
801
798
796
794
791
783
780
780
779
773
773
772
770
768
765
764
763
760
760
759
759
758
758
755
753
752
749
749
749
748
744
744
741
740
737
737
733
733
731
730
728
726
722
720
720
719
717
717
716
714
711
710
709
707
704
701
699
699
698
696
696
692
691
689
688
685
675
673
673
669
668
665
661
659
654
653
653
650
645
644
644
636
636
634
632
628
627
626
626
624
623
616
615
614
612
611
610
609
607
605
603
601
601
601
596
595
590
589
588
586
584
581
580
578
577
576
574
571
566
566
566
565
561
561
557
556
548
548
547
543
543
543
541
539
538
536
534
534
533
533
530
530
526
526
520
520
519
516
515
514
513
513
509
509
507
504
503
502
498
498
494
488
487
486
482
481
480
480
479
479
476
474
473
473
473
471
470
466
465
464
464
464
463
461
459
457
457
456
455
455
454
454
451
451
451
450
449
447
447
447
447
446
446
445
444
442
441
440
440
439
438
438
438
437
437
434
431
431
431
428
424
422
422
422
419
418
418
418
418
416
413
413
412
412
412
408
407
405
404
402
401
400
397
393
393
392
392
389
389
387
386
385
381
380
380
377
375
375
374
373
372
372
370
370
369
369
367
367
366
365
360
360
359
357
357
355
354
354
354
354
353
351
349
349
348
345
345
339
339
338
338
337
336
336
334
333
331
330
329
327
327
327
326
326
325
321
319
319
319
317
313
310
307
305
305
305
303
302
301
300
298
298
297
297
294
293
292
290
290
289
289
289
288
287
285
285
285
282
281
281
281
281
281
280
279
277
276
275
274
272
272
270
269
268
268
268
267
266
266
261
260
258
258
255
254
254
253
252
252
247
247
246
244
242
241
240
237
234
233
233
231
231
231
230
230
229
228
228
227
226
226
226
226
226
226
225
225
221
221
219
219
219
218
218
218
218
216
215
213
213
210
209
205
205
204
204
202
201
200
199
198
197
196
196
195
195
194
193
193
192
192
191
190
190
188
187
186
186
186
185
185
185
184
184
183
183
182
181
181
181
181
180
180
179
179
179
178
175
174
173
173
172
172
172
172
171
171
168
168
166
165
164
164
161
160
160
160
159
159
156
155
155
154
154
153
151
151
151
147
145
144
143
142
140
139
137
136
136
136
135
134
133
133
132
131
128
128
127
126
125
124
123
121
120
119
118
117
117
116
116
116
115
115
115
115
115
114
114
114
114
112
112
111
111
110
110
110
110
109
109
109
109
108
106
106
105
105
104
103
103
102
101
101
101
101
101
101
101
100
100
100
99
99
99
99
99
99
99
99
97
97
96
96
95
95
92
92
92
91
91
91
91
90
90
90
89
89
88
86
85
83
83
82
82
81
81
81
81
80
78
77
77
77
72
72
72
72
71
70
69
69
67
67
67
67
67
66
66
66
65
65
65
65
65
65
65
65
65
64
64
64
63
63
62
62
62
62
62
62
61
60
59
59
58
58
58
58
58
58
57
56
54
53
52
51
51
50
49
47
47
47
46
44
44
43
42
42
39
38
37
37
36
35
35
34
34
34
33
33
32
32
32
32
32
32
32
32
32
31
31
30
30
29
29
28
28
28
28
27
26
26
25
25
25
25
24
23
22
21
21
21
21
21
20
20
20
20
20
20
18
17
16
16
16
16
15
15
15
15
14
14
13
12
12
11
11
11
11
10
10
10
9
9
9
9
9
8
8
8
7
6
5
5
5
4
4
4
4
4
4
4
3
3
3
3
2
2
2
2
2
1
1
1
1
1
1
1
1
0
0
0
0
0
0
0
0
